1.27559e-25 2.64277e-06 0.999996 6.46014e-11 2.267e-16 1.05349e-08 1.53234e-06 1.30556e-15 1.88787e-14 2.02775e-11 3.02399e-14 3.91874e-13 
2.47296e-21 0.000288315 0.99969 9.45329e-08 4.93666e-15 5.82209e-09 2.21198e-05 1.9367e-12 1.88133e-13 1.1401e-08 1.532e-14 6.81054e-10 
5.72188e-28 1.23392e-06 0.993743 5.82125e-08 1.02626e-15 5.14827e-08 0.00625602 9.03195e-12 7.08138e-15 2.91755e-11 1.06304e-13 4.39584e-11 
8.59102e-15 0.000163465 3.38968e-05 0.926906 7.47725e-05 0.0453271 1.59727e-05 4.64256e-09 2.19883e-09 1.05665e-07 4.39356e-05 0.0274347 
9.08473e-20 3.00269e-05 5.02702e-07 0.967295 1.18292e-08 0.00373979 5.79298e-08 1.65827e-09 6.07215e-09 2.81906e-08 7.48738e-07 0.0289341 
3.07128e-21 3.88835e-05 9.36172e-07 0.911869 6.71995e-07 0.00525788 1.65981e-07 1.68656e-11 2.7798e-10 1.9717e-08 3.50644e-07 0.0828317 
2.24946e-10 0.00226216 2.77569e-08 1.75754e-05 0.898607 1.24548e-05 2.67655e-05 3.50483e-07 0.00187248 0.094898 0.00224654 5.62316e-05 
8.46188e-14 5.97019e-06 3.5029e-10 3.66452e-08 0.998325 3.42928e-08 1.33992e-08 1.08066e-09 1.92163e-05 0.00163597 8.96479e-06 5.19444e-06 
2.26971e-11 0.038563 3.73427e-07 0.00019828 0.682075 0.000192374 0.000632341 0.000252538 0.0092332 0.263034 0.00562709 0.00019167 
3.82037e-19 0.000139896 1.46186e-11 0.0160639 8.56627e-06 0.88254 9.77477e-11 2.78848e-08 3.64216e-05 1.68564e-07 0.000180475 0.10103 
2.25174e-16 4.35482e-05 1.18172e-07 0.00327118 1.43841e-08 0.996323 2.46789e-09 6.14778e-12 1.02594e-08 2.47128e-10 2.44225e-08 0.000362328 
1.16836e-16 0.000479285 1.23172e-06 0.000385845 1.17379e-08 0.971976 1.83998e-08 1.32046e-08 1.99395e-07 2.07602e-08 0.000215371 0.0269421 
1.19368e-21 5.57226e-06 1.04263e-05 5.22432e-07 2.165e-06 1.14693e-10 0.99998 1.49483e-06 4.50717e-12 2.20315e-08 7.11235e-09 1.47683e-10 
8.03671e-19 7.35785e-07 5.86556e-08 4.45998e-11 2.21179e-09 1.17629e-12 0.999991 7.78236e-06 4.65533e-11 2.80363e-09 1.4931e-09 1.74694e-13 
1.65997e-28 2.84036e-07 7.08925e-05 2.96025e-10 9.05813e-15 2.69162e-17 0.999742 0.000187137 4.85073e-18 1.61443e-10 2.3587e-17 8.9704e-14 
3.16859e-15 0.0539856 1.18158e-09 1.2889e-07 2.20483e-07 6.71954e-10 2.51065e-05 0.94589 9.93857e-05 8.40928e-08 1.86147e-11 7.45263e-09 
1.88717e-18 8.35468e-05 1.74302e-10 7.24779e-15 5.1162e-11 1.98121e-14 9.19783e-08 0.999916 2.02348e-09 6.6066e-11 3.10634e-15 2.50503e-12 
9.43454e-22 6.80562e-06 2.56694e-14 3.70525e-11 9.0666e-10 3.20489e-12 6.45691e-07 0.999993 6.66015e-10 1.26997e-12 2.58541e-15 1.00153e-10 
1.52062e-29 6.82013e-05 2.1765e-19 6.20798e-16 2.89315e-07 1.4387e-11 5.43548e-11 2.17572e-08 0.999877 5.42707e-05 1.54345e-10 1.24925e-14 
3.47304e-16 0.00142288 2.73398e-11 5.20982e-11 5.62651e-06 7.68734e-07 7.17397e-07 8.44225e-06 0.998223 0.00033854 1.57329e-08 2.54041e-09 
1.5588e-33 1.33018e-05 1.12369e-21 2.45622e-13 1.22978e-07 1.39371e-08 3.89938e-15 5.24642e-13 0.999986 2.46204e-07 3.21062e-09 5.86952e-11 
7.32125e-12 0.00098633 5.55779e-07 1.06872e-07 0.0824756 2.74377e-06 6.83469e-06 5.11089e-06 0.0767865 0.839609 0.000121006 6.2502e-06 
4.27217e-19 1.11375e-05 8.27983e-13 1.68944e-10 2.05334e-05 5.41234e-11 1.08714e-08 1.09615e-09 7.04748e-05 0.999897 8.15058e-07 2.64776e-08 
4.55919e-16 0.00159349 5.11914e-07 9.14352e-07 0.00594983 9.89698e-07 3.79726e-06 1.00576e-09 0.00235898 0.99008 1.08626e-05 2.86695e-07 
1.2684e-08 0.00310675 0.000123202 0.000438885 0.0155802 9.78255e-05 0.00423894 0.000347457 0.000709356 0.0123407 0.962975 4.17576e-05 
4.28018e-26 4.57452e-07 3.15873e-16 4.15068e-11 1.69845e-09 2.71033e-10 6.10501e-16 5.36813e-17 1.81535e-11 2.67364e-10 1 4.2158e-08 
1.86687e-18 1.10792e-06 4.26074e-11 1.70827e-09 1.97138e-05 2.21651e-10 1.36653e-08 2.72468e-13 4.19296e-10 2.77319e-06 0.999976 1.13145e-08 
4.02984e-26 0.00088618 1.48526e-11 0.473571 1.48808e-05 0.00561012 6.37174e-12 2.88402e-09 2.16676e-05 9.45582e-07 1.85525e-06 0.519893 
2.69233e-19 3.40119e-05 3.40906e-07 0.00684327 2.18493e-08 4.78069e-06 1.15812e-07 3.06485e-06 3.36459e-10 4.45609e-08 2.74793e-07 0.993114 
1.92513e-18 0.000356888 4.75094e-08 0.131821 1.76685e-07 0.000285052 1.32768e-07 2.22981e-07 3.42837e-07 1.76006e-07 2.93629e-05 0.867507 